Iteration	CPUTime	PhysTime	Travels	Value	AvValue	MinValue	MaxValue	Delta	Criteria	Progress	CriteriaType	CriteriaVarType	CriteriaPercentage
1	2	0	0.025	-2.76098981e-06	-2.76098981e-06	-2.76098981e-06	-2.76098981e-06	0	0	0	0	0	0	3
2	3	0	0.05	5.58487939e-08	-1.35257051e-06	-2.76098981e-06	5.58487939e-08	1.4084193e-06	0	0	0	0	0	3
3	3	0	0.075	-4.41810841e-08	-9.164407e-07	-2.76098981e-06	5.58487939e-08	1.84454911e-06	0	0	0	0	0	3
4	3	0	0.1	-3.83546557e-08	-6.96919189e-07	-2.76098981e-06	5.58487939e-08	2.06407062e-06	0	0	0	0	0	3
5	3	0	0.125	-7.02473697e-09	-5.58940299e-07	-2.76098981e-06	5.58487939e-08	2.20204951e-06	0	0	0	0	0	3
6	3	0	0.15	4.4804549e-09	-4.6503684e-07	-2.76098981e-06	5.58487939e-08	2.29595297e-06	0	0	0	0	0	3
7	3	0	0.175	-9.60232025e-09	-3.99974766e-07	-2.76098981e-06	5.58487939e-08	2.36101505e-06	0	0	0	0	0	3
8	3	0	0.2	2.24956892e-09	-3.49696724e-07	-2.76098981e-06	5.58487939e-08	2.41129309e-06	0	0	0	0	0	3
9	4	0	0.225	-5.5873517e-09	-3.11462349e-07	-2.76098981e-06	5.58487939e-08	2.44952746e-06	0	0	0	0	0	3
10	4	0	0.25	1.4907398e-09	-2.8016704e-07	-2.76098981e-06	5.58487939e-08	2.48082277e-06	0	0	0	0	0	3
11	4	0	0.275	-2.229727e-09	-2.54900012e-07	-2.76098981e-06	5.58487939e-08	2.5060898e-06	0	0	0	0	0	3
12	4	0	0.3	2.80567413e-09	-2.33424538e-07	-2.76098981e-06	5.58487939e-08	2.52756527e-06	0	0	0	0	0	3
13	4	0	0.325	2.27695681e-09	-2.15293654e-07	-2.76098981e-06	5.58487939e-08	2.54569616e-06	0	0	0	0	0	3
14	4	0	0.35	3.27834888e-09	-1.99681368e-07	-2.76098981e-06	5.58487939e-08	2.56130844e-06	0	0	0	0	0	3
15	4	0	0.375	-2.3287287e-07	-2.01894135e-07	-2.76098981e-06	5.58487939e-08	2.56130844e-06	0	0	0	0	0	3
16	4	0	0.4	-4.66972998e-08	-1.92194332e-07	-2.76098981e-06	5.58487939e-08	2.56879548e-06	0	0	0	0	0	3
17	5	0	0.425	6.47013977e-09	-1.80508187e-07	-2.76098981e-06	5.58487939e-08	2.58048162e-06	0	0	0	0	0	3
18	5	0	0.45	8.29353041e-09	-1.70019203e-07	-2.76098981e-06	5.58487939e-08	2.59097061e-06	0	0	0	0	0	3
19	5	0	0.475	6.98497796e-09	-1.60703193e-07	-2.76098981e-06	5.58487939e-08	2.60028662e-06	0	0	0	0	0	3
20	5	0	0.5	7.20829794e-09	-1.52307619e-07	-2.76098981e-06	5.58487939e-08	2.60868219e-06	0	0	0	0	0	3
21	5	0	0.525	7.24905894e-09	-1.38956752e-08	-2.3287287e-07	5.58487939e-08	2.88721664e-07	0	0	0	0	0	3
22	5	0	0.55	1.18144129e-08	-1.60973942e-08	-2.3287287e-07	1.18144129e-08	2.44687283e-07	0	0	0	0	0	3
23	5	0	0.575	1.1974475e-08	-1.32896163e-08	-2.3287287e-07	1.1974475e-08	2.44847345e-07	0	0	0	0	0	3
24	5	0	0.6	9.00290349e-09	-1.09217383e-08	-2.3287287e-07	1.1974475e-08	2.44847345e-07	0	0	0	0	0	3
25	5	0	0.625	1.50991293e-08	-9.81554501e-09	-2.3287287e-07	1.50991293e-08	2.47972e-07	0	0	0	0	0	3
26	5	0	0.65	1.42915647e-08	-9.32498952e-09	-2.3287287e-07	1.50991293e-08	2.47972e-07	0	0	0	0	0	3
27	6	0	0.675	2.94991541e-08	-7.3699158e-09	-2.3287287e-07	2.94991541e-08	2.62372025e-07	0	0	0	0	0	3
28	6	0	0.7	2.42910842e-08	-6.26784004e-09	-2.3287287e-07	2.94991541e-08	2.62372025e-07	0	0	0	0	0	3
29	6	0	0.725	2.14722048e-08	-4.91486221e-09	-2.3287287e-07	2.94991541e-08	2.62372025e-07	0	0	0	0	0	3
30	6	0	0.75	2.16371934e-08	-3.90753954e-09	-2.3287287e-07	2.94991541e-08	2.50992472e-07	0	0	0	0	0	3
31	6	0	0.775	2.80543789e-08	-2.39333424e-09	-2.3287287e-07	2.94991541e-08	2.31031204e-07	0	0	0	0	0	3
32	6	0	0.8	2.80963381e-08	-1.12880104e-09	-2.3287287e-07	2.94991541e-08	2.14164853e-07	0	0	0	0	0	3
33	6	0	0.825	3.19416545e-08	3.54433842e-10	-2.3287287e-07	3.19416545e-08	2.02248568e-07	0	0	0	0	0	3
34	6	0	0.85	-1.53588817e-12	1.90439603e-10	-2.3287287e-07	3.19416545e-08	2.02248568e-07	0	0	0	0	0	3
35	6	0	0.875	3.04755408e-08	1.33578602e-08	-4.66972998e-08	3.19416545e-08	7.86389543e-08	0	0	0	0	0	3
36	6	0	0.9	2.54406264e-08	1.69647565e-08	-1.53588817e-12	3.19416545e-08	3.19431904e-08	0	0	0	0	0	3
37	7	0	0.925	4.3400198e-08	1.88112594e-08	-1.53588817e-12	4.3400198e-08	4.34017339e-08	0	0	0	0	0	3
38	7	0	0.95	-1.47539451e-07	1.10196103e-08	-1.47539451e-07	4.3400198e-08	1.79514453e-07	0	0	0	0	0	3
39	7	0	0.975	-2.06107243e-07	3.64999294e-10	-2.06107243e-07	4.3400198e-08	1.71118878e-07	0	0	0	0	0	3
40	7	0	1	-2.3320818e-07	-1.16558246e-08	-2.3320818e-07	4.3400198e-08	3.49086536e-08	0.00341612643	0	100	0	0	3
41	7	0	1.025	-7.7614712e-07	-5.08256335e-08	-7.7614712e-07	4.3400198e-08	6.96368929e-08	0.00341611679	0	100	0	0	3
42	7	0	1.05	-1.97105754e-07	-6.12716419e-08	-7.7614712e-07	4.3400198e-08	8.00829013e-08	0.00341609241	0	100	0	0	3
43	7	0	1.075	-2.36128941e-07	-7.36768126e-08	-7.7614712e-07	4.3400198e-08	9.2488072e-08	0.00341607282	0	100	0	0	3
44	7	0	1.1	-1.37764197e-07	-7.67285928e-08	-7.7614712e-07	4.3400198e-08	9.55398522e-08	0.00341605717	0	100	0	0	3
45	7	0	1.125	-2.72362052e-07	-9.0126924e-08	-7.7614712e-07	4.3400198e-08	1.08938183e-07	0.00341606469	0	100	0	0	3
46	8	0	1.15	-3.14737023e-07	-1.05833407e-07	-7.7614712e-07	4.3400198e-08	1.24644667e-07	0.00341603327	0	100	0	0	3
47	8	0	1.175	-2.81264083e-07	-1.19907486e-07	-7.7614712e-07	4.3400198e-08	1.38718745e-07	0.00341608035	0	100	0	0	3
48	8	0	1.2	-1.55570508e-07	-1.28720327e-07	-7.7614712e-07	4.3400198e-08	1.47531586e-07	0.00341606377	0	100	0	0	3
49	8	0	1.225	-1.93785086e-07	-1.39104907e-07	-7.7614712e-07	4.3400198e-08	1.57916166e-07	0.00341607087	0	100	0	0	3
50	8	0	1.25	-1.76434956e-07	-1.48529057e-07	-7.7614712e-07	4.3400198e-08	1.67340316e-07	0.00341607507	0	100	0	0	3
51	8	0	1.275	-9.88429466e-08	-1.54266207e-07	-7.7614712e-07	4.3400198e-08	1.73077466e-07	0.00341604245	0	100	0	0	3
52	8	0	1.3	-1.20889796e-07	-1.61358786e-07	-7.7614712e-07	4.3400198e-08	1.80170046e-07	0.00341602706	0	100	0	0	3
53	8	0	1.325	-2.85116112e-07	-1.76273665e-07	-7.7614712e-07	4.3400198e-08	1.95084924e-07	0.00341603869	0	100	0	0	3
